,0,1,2,3,4,5,6,7,8,9,10,11,12,13,14,15,16,17,18,19,20,21,22,23,24,25,26,27,28,29,30,31,32,33,34,35,36,37,38,39,40,41,42,43,44,45,46,47,48,49,50,51,52,53,54,55,56,57,58,59,60,61,62,63,64,65,66,67,68,69,70,71,72,73,74,75,76,77,78,79,80,81,82,83,84,85,86,87,88,89,90,91,92,93,94,95,96,97,98,99,100,101,102,103,104,105,106,107,108,109,110,111,112,113,114,115,116,117,118,119,120,121,122,123,124,125,126,127,128,129,130,131,132,133,134,135,136,137,138,139,140,141,142,143,144,145,146,147,148,149,150,151,152,153,154,155,156,157,158,159,160,161,162,163,164,165,166,167
0,1.0000002,0.07239032,0.17395723,0.13367955,0.1636904,0.15174997,0.118665114,0.09690033,0.15997192,0.07271364,0.27994186,0.19936946,0.10265722,0.13503675,0.24760483,0.21909277,0.279601,0.2863187,0.26206756,0.2656626,0.3334851,0.28663868,0.21195564,0.10377841,0.17158678,0.16585292,0.3505163,0.22892019,0.040857274,0.19833487,-0.022448905,0.088916644,-0.00034498982,0.15609273,0.13662921,0.15083854,0.031337675,0.16818878,0.14180951,0.2236664,0.020033615,0.087297134,0.13616833,0.013714576,0.071031936,0.028439675,0.11657278,0.19495854,0.13240217,0.11077578,0.17088783,0.20386311,0.1173204,0.13602032,0.14406924,0.06498252,0.22330609,0.06526444,0.013673108,0.050747976,0.090866536,0.23118246,0.185229,0.0946782,0.04985884,0.08767739,0.11576791,0.07087331,0.14442883,0.06399982,0.23584554,0.09987327,0.11754932,-0.0051953904,0.06278898,0.021759395,0.23893759,0.28533348,0.08910489,0.21221569,0.12599218,0.1552879,0.037957408,0.16550072,0.21947154,0.24452212,0.18950795,0.13049445,0.22250858,0.2561878,0.11458333,0.17905784,0.16769338,0.14104351,0.16963425,0.24065346,0.17025495,0.1226053,0.14133027,0.18187827,0.027770158,0.09853345,0.15607697,0.19571835,0.2808927,0.14692096,0.2425853,0.34291333,0.24469586,0.17786802,0.15548295,0.28296834,0.13961524,0.21844131,0.10472886,0.25110215,0.31465966,0.24825634,0.19167146,-0.06426191,0.0032797721,0.16537769,0.1520024,0.101778686,0.18373212,0.26047045,0.12928641,0.28373542,0.07017673,0.1638326,0.20263039,0.2647112,0.2971744,0.25952226,0.2254445,0.22251289,0.1804029,0.27856046,0.16319071,0.079766296,0.12053932,0.20239355,0.2743689,0.08622414,0.2299268,0.0340707,0.22908705,0.37053853,0.034930807,0.12621294,0.24649715,0.16307329,0.33569524,0.32976705,0.24182484,0.35255313,0.30541134,0.24627934,0.11778326,0.071394876,0.12605819,0.26064777,0.072084434,0.12036146,0.029627569,0.062485054,0.1965386,0.24010377
1,0.07239032,1.0,0.50550514,0.5809941,0.2006549,0.26720467,0.21550119,0.17699838,0.17033267,0.21218163,-0.015785405,0.27729654,0.047466367,0.2815432,0.17891568,0.06722164,0.016789658,0.13988705,0.2576109,0.22296004,0.086429924,0.22758052,0.1071802,0.0675605,0.12530664,0.009397281,0.048532344,0.041701116,-0.004270127,0.14361006,-0.017356504,0.12583043,0.002402056,-0.013878618,-0.00015719887,-0.027277801,0.13990036,0.06593084,-0.037102178,0.011417573,0.102056324,0.027542267,0.05945878,0.1293772,0.09358874,0.1372734,-0.013492328,0.17306733,-0.006121952,0.022193542,0.04862737,-0.0069664195,-0.0009152189,-0.006372508,0.020060645,-0.074753806,0.027175428,-0.032432757,0.11677472,-0.018525781,-0.11467299,0.07701116,0.030736234,-0.036325857,-0.10575153,0.029582683,0.03375197,-0.041290086,-0.05289881,0.020026632,0.04743242,0.10902634,0.053183638,0.043680005,-0.024546966,-0.0043218806,0.063480854,-0.03236048,0.06798873,0.1501438,-0.02404593,0.052129637,0.07548471,-0.05560035,0.051201113,-0.01132438,0.001283545,-0.083663575,-0.00123516,0.03772433,0.025272042,0.026841523,0.030304793,-0.034632966,-0.15733689,0.14832821,-0.054011688,0.11910866,-0.06498268,0.008161504,0.11778934,0.061959464,0.03209396,0.012612715,0.14113119,0.21731454,0.028877547,-0.007772092,0.17575425,0.06007631,0.19100803,0.17115882,0.12614086,0.039288554,0.029607799,-0.0072788913,-0.0012570899,-0.0042127976,0.048394717,0.061404098,0.031223228,0.1630926,0.086362526,0.0060977517,0.121305384,0.14083883,-0.061253905,-0.03195629,0.05953455,-0.026327461,0.032250006,0.11790343,0.00011647679,-0.006850063,0.08889917,0.099797964,0.18588409,0.056168478,0.08908298,0.14789702,0.30079132,0.16670069,0.19892618,0.07873891,0.16517255,0.036657706,0.111556664,0.14541577,0.27289546,0.15986215,0.048733488,0.09060784,0.18708324,0.20294288,0.040218562,0.15572484,0.25201303,0.3134217,0.1749484,0.0104156025,0.10387047,0.066717595,0.04964526,0.088224255,0.20148143,0.1627972,0.24479778,0.20514539
2,0.17395723,0.50550514,0.9999999,0.30229604,0.14124551,0.31158954,0.3674292,0.19375505,0.34380013,0.16385156,0.08744118,0.3266311,0.00969621,0.2231725,0.15752926,0.27749825,0.17629348,0.27166933,0.37458494,0.31560394,0.1289432,0.30825424,0.21653399,0.2008387,0.20216468,0.13937035,0.16903156,-0.0027564894,-0.028434094,0.07693614,0.038407195,0.21801737,0.023996435,0.08901384,-0.06448394,0.1092042,0.26948655,0.007706657,-0.06949564,0.14121257,0.116575494,0.07358576,0.08211111,0.2078499,0.15303043,0.037942536,0.1814879,0.07696135,-0.05761772,0.06704877,0.076405436,0.027270991,-0.059336156,0.0301084,0.008340019,-0.0780791,-0.071240515,-0.07238254,0.0436869,-0.088221826,-0.023597348,0.14218277,0.008131218,-0.0147626195,-0.118651405,-0.07698466,-0.05583784,-0.018350989,-0.057040237,0.08283782,0.07524784,0.07449999,0.12661327,0.046386357,-0.037879217,-0.06723106,0.069808275,0.03116825,0.020068092,0.24167457,0.12024372,0.08701961,-0.012246493,-0.015038672,0.03743089,0.026873106,0.057240993,0.10303746,0.12680721,0.08696583,0.19721979,-0.02661077,0.04601538,-0.052695177,-0.049645934,0.1738345,0.072407395,0.17779899,0.09430076,0.06346541,-0.01165347,0.0440835,0.042508055,-0.0042438805,0.08341996,0.14169298,0.1434927,0.018701188,0.23159671,0.07153898,0.16507675,0.115068465,0.14678833,0.06884417,0.12897967,0.098090835,-0.02045308,0.22867705,0.15341476,-0.0058091087,-0.015155723,0.08393064,0.0929119,0.02610425,0.00666622,-0.0015249029,-0.10793261,0.16251993,0.24672247,0.047784712,0.08242526,0.12385483,0.007807281,-0.005449686,0.11307067,0.16528316,0.26737005,0.32492715,0.23263448,0.15985663,0.30684718,0.13458723,0.28736472,0.10185285,0.19716434,0.07625253,0.3269118,0.17570943,0.24238025,0.2670715,0.04238425,0.28262135,0.13365814,0.1778098,0.21852171,0.23214357,0.26061726,0.24642664,0.2866932,0.052322336,0.2080511,0.30702427,0.17887157,0.16582626,0.312261,0.17394328,0.32779145,0.33045083
3,0.13367955,0.5809941,0.30229604,1.0000002,0.18643261,0.21651,0.14641131,0.09476558,0.071039036,0.089329846,-0.008251367,0.22996108,0.15242071,0.17889747,0.18307114,0.14695159,0.023470625,0.03541715,0.116354205,0.17052564,0.13393211,0.12034112,0.06263105,-0.0122069195,-0.06739738,-0.019712549,0.055865563,0.14717087,0.033836804,0.31130353,-7.444376e-05,0.044715595,-0.07440036,-0.06574494,0.23106217,0.033779595,0.19931957,0.25669295,0.07034874,0.06503922,0.015747089,-0.0057521677,0.031903714,0.06484781,0.25860035,0.073241934,0.06411484,0.3662835,0.17713371,-0.072076514,0.1806936,0.11704983,0.062778875,0.0048250407,0.012076315,-0.03317777,0.28036883,-0.055032652,0.08406587,0.0921379,-0.08526878,0.02360367,0.028862007,0.020670926,-0.10504655,0.063796304,-0.007183638,0.016948681,0.04237336,0.16122031,0.21799609,0.037293244,-0.046507817,0.018423162,-0.036770508,-0.041682977,0.19919723,0.20709655,0.087952435,0.16497542,0.076801,0.075085714,0.13010865,-0.10153432,0.14924459,0.017560577,0.08845694,0.09991035,0.19888371,0.3007457,0.08840982,0.17929621,0.101104826,0.17455658,0.10250914,0.2083342,0.11313884,-0.012582306,0.09479774,0.042352162,0.092348576,0.27727082,0.09580481,-0.005446762,0.42415485,0.09249466,0.099167846,0.1148584,0.08330262,-0.0680438,0.14240743,0.20154564,0.06707544,0.15671402,0.060329676,0.05731398,0.24156976,0.016989054,0.05997757,0.038511302,-0.0062419814,0.1377856,0.07149208,0.11171216,0.20562664,0.19281802,-0.053444922,0.08722277,0.033779465,0.16627446,0.05352443,0.20561445,0.33605218,0.055369575,0.16806157,0.054289762,0.07726367,-0.018805094,-0.056430716,0.10031981,0.121934995,0.21128133,0.14962591,0.09260751,0.16971305,-0.024565864,0.09103379,0.2515648,0.16862486,0.07706915,0.0054655373,0.24842767,0.13659823,0.1421328,0.119038954,0.15225369,0.24000715,0.22705154,0.12605873,-0.026935048,-0.016853401,0.21491809,0.040389046,0.12630013,0.11120301,0.061576754,0.24164201,0.16825199
4,0.1636904,0.2006549,0.14124551,0.18643261,1.0,0.22972108,0.16792612,0.28675154,0.27424508,0.19762468,0.18863723,0.16161962,0.13919944,0.5504678,0.23945223,0.1465987,0.26585338,0.13879868,0.27737728,0.20163353,0.1331779,0.1681125,0.28197145,0.101362854,0.08211213,0.25070927,0.24655387,0.30301282,0.121303335,0.20620224,0.12435511,0.23857868,0.15285835,0.09615827,0.12358203,0.14176059,0.30532688,0.2643966,0.114458114,0.21293706,0.15516946,0.07614537,0.14754981,0.10763139,0.20536524,0.11596444,0.14419717,0.2588302,0.1229887,0.17452449,0.24590042,0.15125348,0.23697698,0.1632438,0.16317174,0.18314224,0.16712451,0.08319087,0.0006659636,0.0020806002,0.021737246,0.2631972,0.20772827,0.116623886,0.11922559,0.31049728,0.22741403,0.20098889,0.22549722,0.19758151,0.2377952,0.11684608,0.120911784,0.0756356,0.10625248,0.01900668,0.28380293,0.19101474,0.09683945,0.18004361,0.15238304,0.061664496,0.15520318,0.07731644,0.23501772,0.17113242,0.21063519,0.2655316,0.1312823,0.21765251,0.19251278,0.16137652,0.16342705,0.161803,0.19476949,0.492092,0.25387144,0.17843185,0.1913557,0.21257022,0.15664563,0.26749396,0.2566105,0.09744535,0.3056644,0.15278904,0.18701473,0.21581036,0.25317922,0.12437312,0.14680067,0.2701276,0.30720186,0.19820881,0.18080851,0.039093852,0.08361307,0.18819237,0.2435267,0.0643668,-0.0010515861,0.20059384,0.27352065,0.12521014,0.2053493,0.2469104,0.17175694,0.2511615,0.1522732,0.23517331,0.2989408,0.25043327,0.20322156,0.18892595,0.2050615,0.24661143,0.16246326,0.17195898,0.08987501,0.0730348,0.033699494,0.34797186,0.3924083,0.4334895,0.515631,0.15893094,0.120103896,0.2642154,0.18258622,0.20007217,0.1468929,0.11196656,0.24362028,0.24190575,0.06747773,0.16937044,0.12302185,0.05266349,0.21739194,0.08247455,0.1673528,0.23539418,0.20349398,0.20570457,0.25999212,0.26302934,0.28354597,0.2397623
5,0.15174997,0.26720467,0.31158954,0.21651,0.22972108,0.99999964,0.47374442,0.24178103,0.15129545,0.13719627,0.091419354,0.44250542,0.13309722,0.20747784,0.1990379,0.2306065,0.25320667,0.13009822,0.23642477,0.17684469,0.15028632,0.24665086,0.15788975,-0.022548972,-0.03307521,0.104261145,0.08938438,0.026354855,-0.03606695,0.3510374,0.0021448806,0.10264775,-0.0019040378,0.16115123,-0.0036422806,-0.010223556,0.15183847,0.08822329,0.023272522,0.09549793,-0.006837778,-0.0034222398,0.1670853,0.120137796,0.084734514,-0.0035706293,0.029165499,0.06466707,0.017406385,0.061244454,0.02712164,0.030722195,0.00094497204,0.018575072,0.104074456,-0.03721831,0.066104546,-0.04597142,-0.038897175,-0.0021441616,0.09233411,0.181501,0.13609293,-0.02795823,-0.028076168,-0.038951743,-0.01086968,0.058880474,-0.022112153,-0.013768448,0.18977916,0.10513872,0.035363384,0.040825732,0.06515649,0.14596602,0.1996184,0.13438931,0.070989266,0.15231347,0.050378732,0.09507056,0.023973675,0.057777394,0.16751465,0.18703227,0.11052339,0.097331956,0.1787458,0.13171273,0.16677915,0.22689024,0.095745906,0.23334879,0.092060596,0.20339116,0.15106082,0.09864176,0.08253476,0.19163674,0.10459724,0.26292995,0.16600238,0.10228905,0.293407,0.123053186,0.2000964,0.17677909,0.12987882,0.07633067,0.116216525,0.25141397,0.11236967,0.12459512,0.048782896,0.102869466,-0.011874039,0.032335307,0.106957406,0.15246841,0.10615802,0.25016034,0.15475382,0.08569621,0.17512916,0.19997454,0.107185125,0.20406029,0.09031401,0.12104565,0.15593633,0.1862686,0.11411072,0.14124948,0.17437963,0.17269671,0.38455266,0.11729127,0.07645283,0.061045613,0.18280147,0.17448768,0.40252358,0.044024967,0.19017002,0.108569376,0.22386645,0.2643703,0.27072376,0.33682865,0.15313768,0.17436306,0.27228695,0.29248148,0.47609633,0.24111572,0.28294384,0.2886123,0.25967616,0.072121136,0.16100267,0.30810052,-0.054109327,0.03942286,0.29089954,0.2633169,0.40741754,0.42689428
6,0.118665114,0.21550119,0.3674292,0.14641131,0.16792612,0.47374442,0.9999999,0.39658982,0.14569978,0.17442438,0.030898605,0.36644953,0.10591909,0.19280827,0.24189942,0.19207668,0.27656558,0.2604854,0.35524958,0.21920153,0.06935513,0.12032244,0.14695959,0.08719006,-0.008328438,0.14133856,0.1610307,0.030349813,0.050972324,0.12390631,0.041193895,0.22219816,0.046322055,0.072005734,-0.016094463,0.06670861,0.24930494,0.023908563,0.0069585145,0.13265324,0.086712964,0.085762545,0.18093254,0.22560185,0.095768385,0.021982133,0.14183995,0.06017601,0.014030164,0.08418071,0.045497593,0.09135713,0.09713156,0.10902554,0.14988664,0.03574139,0.05312814,0.066267475,0.012607364,0.020817267,0.08783443,0.23291454,0.052299283,-0.049299024,-0.027803402,0.04086974,-0.014139625,0.046568222,0.083583474,-0.040910847,0.12358987,0.06816738,0.060661934,-2.7911738e-06,0.03376275,0.0034313109,0.072655626,0.054691147,0.06539008,0.26783568,0.08478741,0.10210057,0.026786156,0.025819711,0.049021255,0.08100062,0.12351166,0.1270701,0.2358366,0.113635495,0.22191069,0.1364946,0.13846393,0.09454371,0.07683565,0.19052298,0.13380398,0.14740293,0.13341221,0.18541989,0.18049105,0.2069201,0.17101963,0.12232424,0.19114888,0.1606535,0.2369158,0.07371921,0.12990026,0.074783035,0.12517387,0.09131596,0.13477904,0.05736369,0.10341384,0.12218974,0.038590934,0.13042682,0.07697119,0.006589785,0.004723724,0.14381546,0.09441526,-0.0034668436,0.043651123,0.10501671,0.039918825,0.061714903,0.044663105,0.1343123,0.11344111,0.20411593,0.10123183,0.18783566,0.1890628,0.20498717,0.24137296,0.16206133,0.12352781,0.11160757,0.1402334,0.20570374,0.2364001,0.08021888,0.19874388,0.21523097,0.17745192,0.13209575,0.30222198,0.43669742,0.05545875,0.28296536,0.21492028,0.2396273,0.25778142,0.1348081,0.07940107,0.13649905,0.3855424,0.15752126,0.24013504,0.36979672,0.004539214,0.11061578,0.37947306,0.42537102,0.41156903,0.3896069
7,0.09690033,0.17699838,0.19375505,0.09476558,0.28675154,0.24178103,0.39658982,1.0,0.31516507,0.50099576,0.09366274,0.3730548,0.0070395977,0.23551342,0.25088066,0.2526417,0.20325622,0.1437782,0.31296387,0.19349086,0.20554137,0.22176744,0.22181118,0.07157995,0.24407314,0.2855679,0.27193376,0.2167931,0.07117592,0.18843248,0.14125189,0.27877617,0.1458342,0.09674187,-0.0076614968,0.08839113,0.25322124,0.12303105,0.010182307,0.26709068,0.18476643,0.1805282,0.3506176,0.18003115,0.08799368,0.07379135,0.19207948,0.13975279,0.053813893,0.15341239,0.10968616,0.08171295,0.11735099,0.18861526,0.15374513,0.07922664,-0.011348067,0.043617886,0.0373825,0.023628427,0.053783953,0.29901594,0.0557383,0.05719449,0.08694496,0.09269813,0.08112514,0.124924555,0.20625463,0.035912182,0.07122686,0.10564475,0.13660802,0.041980337,0.0990089,0.06692663,0.16648479,0.064009994,0.19978425,0.26525095,0.13198806,0.16195548,0.081227206,0.14594617,0.09790109,-0.004506383,0.18385872,0.22079538,0.080423445,0.16362707,0.27049604,0.16997741,0.02481927,0.18614885,0.039064974,0.21150446,0.22788934,0.27915013,0.23672079,0.28173622,0.28268924,0.18414722,0.31892785,0.2470759,0.3387468,0.20751256,0.24502784,0.13288592,0.16549817,0.15473956,0.0001390595,0.24632354,0.30063963,0.1583588,0.12032218,0.20694205,0.095445365,0.1972786,0.16555703,0.070357755,0.0063318172,0.09539435,0.15579045,0.05807524,0.1433464,0.25738728,0.0281402,0.122623526,0.03462405,0.12770733,0.22316927,0.29554904,0.1305578,0.29988852,0.3273031,0.45366475,0.32567874,0.24828573,0.15566617,0.10483671,0.09674679,0.3726999,0.24336287,0.16936296,0.2868474,0.17919053,0.21059267,0.24706843,0.2746993,0.46505636,0.24565005,0.34755796,0.3336622,0.34259972,0.19933158,0.22747919,0.24665788,0.3206891,0.35335892,0.20049623,0.35691133,0.26232564,0.17223439,0.18371601,0.27336305,0.43949127,0.45422518,0.32525423
8,0.15997192,0.17033267,0.34380013,0.071039036,0.27424508,0.15129545,0.14569978,0.31516507,1.0000001,0.15745391,0.06886716,0.120318964,0.036665924,0.27146608,0.10241841,0.16264808,0.18808267,0.0106342025,0.2529174,0.059596978,0.2814752,0.34209865,0.29732785,-0.05600837,0.083658606,0.05101172,0.20784843,0.22335246,0.033856776,0.17878368,0.17422378,0.2243635,0.14227813,0.14057727,0.036383122,0.018930398,0.24791177,0.14603382,0.0002834536,0.3758651,0.10127717,0.13862243,0.24661052,0.18392617,0.13883644,0.1070773,0.30095497,0.23758051,0.061487027,0.13878515,0.20739588,0.09847383,0.15626994,0.18447244,0.123291,0.13010652,0.059152722,0.11132248,0.108685374,0.08831535,0.00022577634,0.19128565,0.15033008,0.091371804,0.20288381,0.10067983,0.0462074,0.09555334,0.21666108,0.21505004,0.12442121,0.020763155,0.11942601,0.13484526,0.06254817,-0.052896753,0.13224167,0.17097314,0.21793391,0.16042772,0.17863281,0.13279685,0.028151013,0.07125677,0.10390605,0.12835199,0.16329658,0.30859333,0.09095179,0.11308569,0.20118526,0.15391666,0.04218715,0.11666366,0.09144555,0.23092279,0.265899,0.29510605,0.1721454,0.27421817,0.18869741,0.16403283,0.3231234,0.182846,0.26289034,0.14885738,0.21801941,0.11109513,0.18456571,0.19971617,0.12343223,0.27901042,0.37287036,0.06874383,0.025533233,0.11134319,-0.017678592,0.26791382,0.27558625,0.030642265,0.021686189,0.13953497,0.16885562,0.014787308,0.1714988,0.17708279,0.16193083,0.1339289,0.14842795,0.17010334,0.16874996,0.33671057,0.1733197,0.20444879,0.32296324,0.192522,0.26969683,0.1654834,0.11320739,0.002752073,0.07410593,0.3005309,0.3538065,0.19631907,0.31048986,0.13438278,0.043882594,0.23397802,0.08955289,0.20381849,0.18791619,0.27668762,0.28400815,0.2798984,0.23935285,0.19453712,0.19768408,0.21782896,0.25875914,0.035827734,0.31117707,0.26417193,0.12224004,0.40977564,0.15605006,0.18121406,0.27749044,0.19258624
9,0.07271364,0.21218163,0.16385156,0.089329846,0.19762468,0.13719627,0.17442438,0.50099576,0.15745391,1.0000002,0.0760307,0.20052338,0.113067634,0.25750142,0.19346702,0.09019926,0.2248705,0.23059139,0.15639031,0.21723053,0.1449044,0.19591567,0.2122775,0.1763488,0.27281415,0.30083233,0.2766217,0.19120958,0.15388608,0.13071895,0.022041844,0.2579251,0.12151236,0.022563148,-0.021357363,0.11409029,0.19545025,0.092078716,0.006886866,0.1845892,0.22368246,0.18171859,0.28783143,0.11003219,0.08257595,0.08425267,0.09906861,0.04982347,0.025638096,0.20612043,0.07387947,0.019951895,0.037801933,0.11542927,0.104119524,0.086266965,-0.05525796,0.07421458,0.076396756,0.03919275,0.040923085,0.23077896,0.07576744,0.023958318,0.004319951,0.042871784,0.01457499,0.02272618,0.14491339,-0.06290844,0.07301204,0.11153899,0.21900447,0.094040655,0.02968821,0.017399931,0.062656045,0.0517488,0.10703693,0.20015821,0.05116596,0.05904509,0.0068235733,0.115858495,0.15294334,0.030619552,0.10500367,0.096257314,0.08378078,0.072096676,0.21264832,0.02741348,0.09127255,0.16345352,0.0038091233,0.13219221,0.11581071,0.2126677,0.11547299,0.16807339,0.20022336,0.051435273,0.24909826,0.18763798,0.1552227,0.13409416,0.14782703,0.046683893,0.20838746,0.1261123,0.15160549,0.16561982,0.3046171,0.18383142,0.083359,0.24511011,0.121502586,0.13605706,0.18185562,0.0647102,-0.007961925,0.04345242,0.1349406,0.07027311,0.06629291,0.17435813,0.01001731,0.05125714,0.11493491,0.09781176,0.29377493,0.22358167,0.096689224,0.18420842,0.27369133,0.34978575,0.16407615,0.21920767,0.15029386,0.06913811,0.086882815,0.25788367,0.13002801,0.1574542,0.29237217,0.048177384,0.11097686,0.09706761,0.25013766,0.40745214,0.06660733,0.16354647,0.1421322,0.13480547,0.09063646,0.18640548,0.14052328,0.25793153,0.21010546,0.20137605,0.24103147,0.14296025,0.17445195,0.20149674,0.21785891,0.35252607,0.30929166,0.183597
10,0.27994186,-0.015785405,0.08744118,-0.008251367,0.18863723,0.091419354,0.030898605,0.09366274,0.06886716,0.0760307,1.0000002,0.047833882,0.10386036,0.051925436,0.16161972,0.24915099,0.03701086,0.11381871,0.06732219,0.06806991,0.15605688,0.2535782,0.22416511,0.33464637,0.39933544,0.26155627,0.3395322,0.31225657,0.054971375,0.102683455,0.077957466,0.08722024,0.09457573,0.09693183,0.16859889,0.2725969,0.019582607,0.09889066,0.04682357,0.19453964,0.055867452,0.023192426,0.1452345,0.062189907,0.08355305,0.13745306,0.15381932,0.14190495,0.06039919,0.040217657,0.1813739,0.16620387,0.0972592,0.09810744,0.08419489,0.17421477,0.078826256,0.05343868,0.07455422,-0.016397972,0.038904585,0.20387918,0.18147802,-0.049889013,0.1113984,0.12847407,0.14148377,0.07940512,0.08995062,0.063292086,0.16805518,0.07959747,0.009129418,0.11563572,0.06361997,0.022855708,0.14306173,0.16507737,0.045670442,0.10807942,0.19118594,0.08877019,0.06789936,0.2495949,0.2872699,0.26456338,0.2818383,0.2842496,0.113640025,0.2403386,0.08029993,0.181023,0.14010459,0.18647432,0.15409088,0.22725633,0.20144425,0.266237,0.26709384,0.22218153,0.021152398,0.17176676,0.34265196,0.15859222,0.20598859,0.21474382,0.18541685,0.19459113,0.17989728,0.25341088,0.057890695,0.24356493,0.21238586,0.2395827,0.15251833,0.28781518,0.20578887,0.33987188,0.1685637,0.07729198,0.098776355,0.116517305,0.13373707,0.10469274,0.20656542,0.21123122,0.19783515,0.25132704,0.11652904,0.18546847,0.15169603,0.32932103,0.1939309,0.17943269,0.20605853,0.18353057,0.21323448,0.28120145,0.2632811,0.05360412,0.085767776,0.14961505,0.04673389,0.13043167,0.29860228,0.07463342,0.16608341,0.17458084,0.020951092,0.1486002,0.042134218,0.13013744,0.13772015,0.13003111,0.1869294,0.24443325,0.121721834,0.116087765,0.10901409,0.2239202,0.18244961,0.16491155,0.36289692,0.01414494,0.11787291,0.10743421,0.10692154,0.1514734
11,0.19936946,0.27729654,0.3266311,0.22996108,0.16161962,0.44250542,0.36644953,0.3730548,0.120318964,0.20052338,0.047833882,0.9999999,0.043453753,0.19564393,0.2800159,0.3543374,0.28484562,0.19541845,0.36449787,0.22438318,0.23238012,0.32653347,0.22951347,0.07403916,0.07975506,0.12819672,0.15178515,0.017588533,-0.013124377,0.119172275,0.13042775,0.21874902,0.040090352,0.14856875,0.055769935,0.15629923,0.21638665,0.016079476,0.06929061,0.12739605,0.048151463,0.11312997,0.27351767,0.25993735,0.19677506,0.085778944,0.22542308,0.16679902,0.15551166,0.18966681,0.20571566,0.12918629,0.13632004,0.16700137,0.12846667,0.045843463,0.0040975017,-0.000986062,0.071741775,0.07808263,0.10542893,0.19746104,0.12851797,0.023842812,-0.044934373,0.015438852,-0.010951956,0.12024458,0.07812366,0.02995419,0.14674486,0.19132115,0.020868603,-0.011151157,0.05469408,0.07054009,0.18012327,0.18428257,0.11416638,0.24660765,0.092098355,0.14126116,0.03521189,-0.03276193,0.13929306,0.10718806,0.13350867,0.17832339,0.15424022,0.15793024,0.22047886,0.10599582,0.10531041,0.089608535,0.09895323,0.23360285,0.23363745,0.15256841,0.24705032,0.24351485,0.24037418,0.28976426,0.10142485,0.09366229,0.21097393,0.2533623,0.25012732,0.26460436,0.19019318,0.013493506,0.028017584,0.1415022,0.08217497,0.12950607,0.11445707,0.14689194,0.07652929,0.24365695,0.1336138,0.13394496,0.065137655,0.17796494,0.15027484,0.17704794,0.12774003,0.08148771,0.036631983,0.19388497,0.07982202,0.21028744,0.069083095,0.12615412,0.04446865,0.2109927,0.1474906,0.2276242,0.38842878,0.17020647,0.02144221,0.10228144,0.30880603,0.19534203,0.25030214,0.016136216,0.17502585,0.14365944,0.22502315,0.27593726,0.35683218,0.3637867,0.17536679,0.4444387,0.30114597,0.33777532,0.31533918,0.2886978,0.3035388,0.4438932,0.26560208,0.07475676,0.13635355,0.23771349,-0.019641314,0.09482283,0.2676887,0.28807616,0.39801678,0.46047157
12,0.10265722,0.047466367,0.00969621,0.15242071,0.13919944,0.13309722,0.10591909,0.0070395977,0.036665924,0.113067634,0.10386036,0.043453753,1.0000001,0.3395201,0.48731261,0.1065123,0.23669666,0.29059345,0.19630355,0.074149646,0.105426095,0.07204856,0.37036946,0.091140404,0.05110841,0.4347029,0.09232929,0.26927936,0.51593,0.16771764,0.072675414,0.27309132,0.16049454,0.123140186,0.14033587,0.13411486,0.3560226,0.22544476,0.19198707,0.22366978,0.19314317,-0.0024456307,0.10002203,0.17762265,0.1718715,0.13381866,0.07351765,0.17316595,0.14169492,0.13521494,0.33390784,0.09769024,0.13188729,0.17037374,0.115560316,0.08341556,0.13179892,0.14112027,-0.012739923,0.12479512,0.20007722,0.18040669,0.09296945,0.10331967,0.03650671,0.17341137,0.15641387,0.19033454,0.15465644,0.12726778,0.22711979,0.4117935,0.22513402,0.22249043,0.22163972,0.2849317,0.20039761,0.1432555,0.18830696,0.22162393,0.1442995,0.11761655,0.08707513,0.14695767,0.1599449,0.4537354,0.3791039,0.17198421,0.5041325,0.16168544,0.16410545,0.17951745,0.50833863,0.3772847,0.4504159,0.07151152,0.20519447,0.19649561,0.13646087,0.24225803,0.087555856,0.27482945,0.26305082,0.12620063,0.25005674,0.17900759,0.18261257,0.1719474,0.3742686,0.12649204,0.48425063,0.19915445,0.15601027,0.016843963,0.084594816,0.18180746,0.08604892,0.111243956,0.2800277,0.052557223,-0.022617161,0.19847475,0.23201805,0.14682035,0.17655887,0.14860913,0.2176972,0.19657493,0.16741407,0.15704024,0.38682586,0.23607053,0.24061301,0.21284649,0.21913433,0.111548826,0.10912188,0.07754329,-0.00072294474,0.108445704,-0.04964882,0.20155948,0.004225827,0.1828785,0.090520695,0.12283096,0.027626721,0.073820814,0.12261568,0.21261209,0.019219603,0.11976035,0.07902816,0.07067679,0.13365947,0.20168334,0.013650581,0.070315585,0.3052591,0.1323268,0.1458774,0.12640095,0.063424826,0.20689026,0.0623335,0.11635953,0.12614113,0.13628691
13,0.13503675,0.2815432,0.2231725,0.17889747,0.5504678,0.20747784,0.19280827,0.23551342,0.27146608,0.25750142,0.051925436,0.19564393,0.3395201,1.0000002,0.40620166,0.09033711,0.29540783,0.29113632,0.3720445,0.25002122,0.1390571,0.24977443,0.4497768,0.04805523,0.047874577,0.36313364,0.23228343,0.3080904,0.39200446,0.2068598,0.12602216,0.30280054,0.22041209,0.15931164,0.05746197,0.07278897,0.30866298,0.22545995,0.03240733,0.25691664,0.20997992,0.045393985,0.18500139,0.17569163,0.18050322,0.21237956,0.17562014,0.20844609,0.06266197,0.22622918,0.26124164,0.10270176,0.16913247,0.20889902,0.23659538,0.16894087,0.033278484,0.121136755,0.05075636,0.060070604,0.09924541,0.3488426,0.20451492,0.055041596,0.066297494,0.22566772,0.14889361,0.22310922,0.16560537,0.11181452,0.2531231,0.36954686,0.31655264,0.30644745,0.27395603,0.25539958,0.24328923,0.20119405,0.1834694,0.17967749,0.13134554,0.012443021,0.085584,0.03311572,0.23886481,0.31975734,0.23223528,0.28081152,0.3372184,0.13749388,0.17727041,0.21423858,0.44725353,0.14235164,0.13242859,0.41019726,0.2837498,0.16431342,0.20371264,0.26177877,0.2101112,0.2124252,0.2995432,0.23553935,0.30405635,0.2215116,0.2596064,0.1445055,0.42852706,0.17245707,0.39585766,0.2531336,0.20973381,0.039821047,0.10749368,0.023474852,-0.004699345,0.1288394,0.3397332,0.09496132,0.007304929,0.3493145,0.35361305,0.23607379,0.20823684,0.3191824,0.18628982,0.16565168,0.23964655,0.118952826,0.46472138,0.30622315,0.26827136,0.2488533,0.2908832,0.317468,0.1633505,0.18256104,0.07001027,0.14245746,0.029677087,0.37647098,0.4166832,0.47274753,0.41710293,0.08640401,0.058144845,0.22367102,0.25678366,0.23871717,0.09517445,0.10733001,0.2184534,0.22236213,0.10488217,0.1520111,0.10646863,0.19375497,0.32166395,0.10502379,0.12646057,0.14726965,0.13337727,0.23240235,0.16423923,0.23101799,0.33429047,0.28367603
14,0.24760483,0.17891568,0.15752926,0.18307114,0.23945223,0.1990379,0.24189942,0.25088066,0.10241841,0.19346702,0.16161972,0.2800159,0.48731261,0.40620166,1.0000001,0.39386785,0.4234619,0.46300942,0.4766266,0.19224586,0.29649064,0.24873103,0.42446688,0.02161533,0.08506459,0.4464597,0.122845694,0.15330657,0.39091948,0.11522815,0.020780228,0.29332674,0.045726653,0.13414535,-0.0029530516,0.14066355,0.29018646,0.13322589,0.162826,0.18918653,0.08453607,0.014616922,0.16819969,0.13283156,0.114499524,0.10950023,0.16903928,0.102100044,0.024837855,0.20851287,0.2412398,0.09501429,0.032864563,0.15617661,0.029109184,0.048976347,0.12627664,0.114473075,-0.008954939,0.09797114,0.1486869,0.15135206,0.095760055,0.03230246,-0.1020254,0.07451377,0.08261646,0.09032792,0.066965014,-0.03748942,0.09780298,0.32344478,0.28821117,0.18062794,0.168942,0.19179007,0.1925754,0.09990296,0.09754874,0.2547085,0.2169798,0.117726766,-0.008886215,0.08532848,0.18854922,0.26845244,0.20484921,0.13357344,0.318582,0.12644169,0.11471172,0.06731435,0.38211808,0.19735965,0.25907817,0.12021629,0.18323706,0.1477881,0.21195772,0.22270542,0.060923412,0.22357641,0.13616587,0.059156805,0.17511404,0.16033354,0.15392478,0.19393264,0.41911504,0.088967964,0.36847192,0.15126213,0.11168706,0.03214643,0.033095352,0.088789865,0.07412316,0.16700232,0.2249924,-0.03829187,-0.05711008,0.16216682,0.20014597,0.15851983,0.078398034,0.078988574,0.048302833,0.2190859,0.17287332,0.15988679,0.43853286,0.123879544,0.14187393,0.21058702,0.16834773,0.20132467,0.27589902,0.16383506,0.13745096,0.039826743,0.08860857,0.22524348,0.1338395,0.1701715,0.07973949,0.1989671,0.17648102,0.26741618,0.26511902,0.36388558,0.25320858,0.2565797,0.42134076,0.42217106,0.16500199,0.30062562,0.23299277,0.28438732,0.36580372,0.05546607,0.19004741,0.15545495,0.093585655,0.22216636,0.2595617,0.2806181,0.3092925,0.375662
15,0.21909277,0.06722164,0.27749825,0.14695159,0.1465987,0.2306065,0.19207668,0.2526417,0.16264808,0.09019926,0.24915099,0.3543374,0.1065123,0.09033711,0.39386785,1.0,0.3278876,0.24898478,0.45570946,0.22585103,0.21541107,0.21318847,0.19903353,0.054350417,0.16178004,0.2539906,0.24419299,0.05689688,-0.03428432,0.080867305,0.06380964,0.09800114,-0.067444354,0.17519602,0.11245918,0.45366955,0.21441527,0.013026448,0.03962918,0.14421871,0.0016830286,0.004629118,0.1832726,0.16560817,0.18904346,0.033619564,0.3767789,0.07508999,-0.0027854526,0.0758291,0.24387674,0.21687175,0.06844517,0.1292375,0.061337147,0.071446404,0.06414585,0.056409497,0.041708678,-0.08757314,0.15272297,0.13973638,0.16212042,-0.07724103,-0.12246216,0.04267411,0.01808621,0.10455859,0.05367376,0.03748367,0.22355549,0.038382344,0.15455328,-0.0008846335,0.0006253384,-0.065880306,0.16284895,0.2804554,0.11969446,0.23191485,0.3325146,0.14665446,0.10213589,0.1465194,0.31798047,0.23371698,0.24524452,0.38145804,0.20536578,0.20600386,0.17012218,0.07346999,0.1777119,0.24600305,0.28117523,0.087189674,0.35549933,0.15984577,0.41611335,0.2020686,-0.015460443,0.2449128,0.08981978,0.06831214,0.1950835,0.13157204,0.25913072,0.16840672,0.1769978,0.099238575,0.050443668,0.13325793,0.12259714,0.16623852,0.12061389,0.19146651,0.1670379,0.37426478,0.18948019,-0.07045439,-0.03986213,0.18714938,0.14089113,0.27877635,0.15252167,0.049573854,0.12105027,0.43443808,0.21407577,0.23132512,0.21018596,0.086397044,0.19991395,0.25319955,0.17437582,0.1475226,0.37979758,0.16763526,0.13855521,0.105881855,0.12762389,0.12665895,0.14289564,0.1301419,0.09260047,0.15582697,0.20935957,0.355878,0.17400026,0.30332208,0.243556,0.42444134,0.36663014,0.37073326,0.35552862,0.32888275,0.36617923,0.27800563,0.25869352,0.08833183,0.27136487,0.27597037,0.16540888,0.14817947,0.16719127,0.12983115,0.26163393,0.38424417
16,0.279601,0.016789658,0.17629348,0.023470625,0.26585338,0.25320667,0.27656558,0.20325622,0.18808267,0.2248705,0.03701086,0.28484562,0.23669666,0.29540783,0.4234619,0.3278876,0.9999999,0.52911574,0.45288837,0.36633098,0.2305744,0.24962136,0.53430986,0.1411843,0.05971175,0.52583456,0.36135024,0.1736857,0.36968258,0.17314914,0.25218323,0.35757768,0.14040615,0.29319656,0.12601094,0.34616742,0.30682907,0.11991805,0.12767617,0.29103333,0.11276829,0.14669545,0.22441709,0.24304117,0.10636352,0.14616504,0.16399333,0.14280362,0.0027740635,0.3248746,0.23482953,0.20983124,0.2632316,0.33157364,0.21079567,0.21841246,0.22721568,0.17489325,0.08544305,0.063632526,0.26211497,0.35463718,0.25551254,0.20038614,0.009594424,0.19381294,0.1493434,0.35540664,0.25794324,0.084323734,0.2140755,0.34882683,0.36268398,0.22001009,0.27184418,0.21263221,0.21101615,0.17715363,0.19610628,0.36122215,0.32279226,0.23429558,0.12423442,0.1952442,0.28906816,0.3542941,0.27183855,0.28394914,0.27281266,0.19467354,0.16980387,0.17651354,0.36068702,0.18908113,0.27587295,0.19710726,0.29117516,0.21633856,0.22090992,0.39125425,0.14489892,0.27200186,0.21935254,0.27115273,0.22804451,0.1740851,0.31511837,0.18623441,0.4963531,0.17240694,0.2689326,0.2322575,0.21840747,0.26063675,0.35775423,0.17149825,0.23378032,0.28747585,0.45979497,0.107023165,0.09249208,0.28825217,0.34324008,0.34164947,0.23309885,0.1890477,0.18555567,0.37968308,0.30994582,0.41794312,0.4417724,0.17712098,0.17621432,0.30510885,0.26550296,0.3459764,0.20672533,0.22580725,0.09938973,0.077461205,0.016394127,0.22455558,0.26269513,0.15606195,0.2207886,0.31093127,0.2540013,0.31855652,0.34431815,0.31277344,0.16950631,0.28498155,0.2630217,0.26479125,0.1623301,0.2731998,0.18313834,0.17740823,0.40479478,0.06934318,0.26518965,0.33368212,0.06947228,0.29853702,0.22587055,0.2792863,0.20629096,0.3044605
17,0.2863187,0.13988705,0.27166933,0.03541715,0.13879868,0.13009822,0.2604854,0.1437782,0.0106342025,0.23059139,0.11381871,0.19541845,0.29059345,0.29113632,0.46300942,0.24898478,0.52911574,1.0000001,0.49723428,0.57207733,0.2413614,0.16554597,0.42616227,0.28375295,0.24032764,0.56055605,0.2854861,0.08919232,0.43457088,0.1862528,0.046288975,0.30859464,0.058346108,0.19135118,0.043511037,0.28206706,0.17405692,0.048265256,0.08430591,0.26651752,0.22518629,0.15700936,0.2069639,0.19568548,0.10441992,0.18533745,0.11878182,0.11388992,0.013836052,0.21915789,0.079938546,0.06997082,0.00031917996,0.23085678,0.12765333,0.24889883,0.13649145,0.13765112,0.116129845,-0.050232515,0.29078698,0.32046852,0.09115058,0.09039508,-0.04443892,0.10492284,0.07003808,0.17260303,0.088484645,-0.024623018,0.110456854,0.422566,0.37491328,0.29594898,0.25603488,0.15787591,0.1714149,0.095498,0.11223897,0.3907784,0.18153912,0.12100609,0.041362636,0.23804417,0.25225392,0.32258075,0.15773809,0.08148594,0.32811788,0.27380016,0.20012638,0.081154615,0.42557675,0.11239299,0.08306724,0.06942665,0.0829676,0.21915251,0.054131977,0.1452575,0.053529426,0.13881461,0.13742724,0.23973408,0.11518431,0.17396423,0.18277633,0.14453532,0.6058856,0.21987465,0.3916722,0.18217884,0.1871937,0.120855294,0.27478397,0.23916282,0.17188738,0.24611819,0.38518518,-0.013509138,0.030052155,0.21360686,0.22423275,0.172605,0.11114219,0.14095482,0.07020094,0.1833665,0.34681195,0.20446935,0.45653263,0.11850494,0.15865757,0.24331015,0.21871802,0.33145782,0.14816564,0.3031609,0.14982879,0.12612827,0.13561533,0.10255608,0.14415692,0.11523473,0.10800202,0.16620597,0.35060328,0.24218163,0.47147566,0.29765663,0.14939333,0.10489962,0.27451962,0.2743606,0.12516467,0.3730005,0.22191088,0.16830465,0.29930153,0.10187498,0.1587049,0.13643831,0.06780429,0.13211669,0.20741755,0.21736151,0.18811846,0.21196799
18,0.26206756,0.2576109,0.37458494,0.116354205,0.27737728,0.23642477,0.35524958,0.31296387,0.2529174,0.15639031,0.06732219,0.36449787,0.19630355,0.3720445,0.4766266,0.45570946,0.45288837,0.49723428,0.9999999,0.36419332,0.28983378,0.21354625,0.34063873,0.06843522,0.22144924,0.39967197,0.26263762,0.13064462,0.1645788,0.15518606,0.10824844,0.2865268,0.034575135,0.11932422,-0.008169693,0.21644706,0.29178056,0.10085428,0.032547574,0.22521959,0.10071622,0.08060208,0.2052081,0.22987153,0.13285269,0.09685133,0.19953522,0.12428641,-0.010477591,0.24420229,0.21128538,0.0947034,0.11567202,0.18978855,0.15213007,0.14523765,0.10026311,0.13439757,0.12191506,0.050755434,0.11767844,0.297467,0.22750022,0.032372616,-0.028104996,0.17246576,0.054977596,0.18086606,0.17485821,0.07275818,0.13053033,0.22220412,0.29242402,0.13328117,0.103367984,0.11795294,0.1574735,0.17920491,0.16674119,0.303977,0.1835716,0.07118384,0.105892,0.15424502,0.1814351,0.21525086,0.14131485,0.21539885,0.25343645,0.230481,0.19849502,0.13249636,0.3092894,0.11808968,0.15966581,0.21645322,0.18986565,0.3407789,0.16307595,0.2511488,0.13907765,0.18064258,0.15731254,0.19769022,0.19460398,0.12765634,0.20610508,0.14531511,0.38697487,0.19200495,0.20662221,0.2343309,0.18210438,0.13947172,0.23315488,0.19694906,0.15388663,0.25448304,0.3261239,-0.021374213,-0.019153759,0.21216966,0.18318617,0.13489014,0.14026845,0.17202088,0.12438984,0.2013336,0.26280722,0.15406013,0.33453107,0.12727019,0.09441112,0.2172487,0.21087588,0.31943113,0.3726406,0.21504372,0.08690576,0.1007501,0.19847928,0.23854367,0.26028502,0.19037591,0.26815823,0.15930359,0.2863151,0.30021513,0.30099407,0.42923358,0.27013633,0.28802824,0.49833733,0.5062957,0.1772444,0.2405891,0.24937342,0.22910403,0.3373344,0.08337077,0.24904558,0.21415833,0.09557664,0.19720714,0.27626574,0.28660673,0.35410112,0.4046749
19,0.2656626,0.22296004,0.31560394,0.17052564,0.20163353,0.17684469,0.21920153,0.19349086,0.059596978,0.21723053,0.06806991,0.22438318,0.074149646,0.25002122,0.19224586,0.22585103,0.36633098,0.57207733,0.36419332,1.0000001,0.27568612,0.19940919,0.31722736,0.11898465,0.11151284,0.29202497,0.36687222,0.13777424,0.19831027,0.25242618,0.11753687,0.2029851,0.054065093,0.17751712,0.17077601,0.1258215,0.16275245,0.1475156,0.021202214,0.19578135,0.17480634,0.13431534,0.24863067,0.18477216,0.045039505,0.16673675,0.06280036,0.16137637,-0.057875093,0.21843037,0.20466703,0.092187755,0.16687442,0.22366764,0.20711333,0.17926136,0.16212271,0.13579677,0.20015788,0.04001874,0.1455575,0.32601708,0.20015989,0.081098616,0.007244874,0.20896396,0.055459127,0.24787635,0.17268835,0.1532642,0.18963999,0.17381716,0.25870985,0.2650522,0.14015318,0.05760472,0.14926487,0.13553196,0.077961184,0.37464058,0.15227464,0.14786293,0.20745745,0.23727748,0.21841267,0.18004426,0.20873663,0.11733081,0.2057923,0.30161646,0.17511004,0.11032762,0.1854293,0.17169395,0.013494093,0.1475898,0.09346625,0.18452194,0.032855235,0.13968939,0.03349507,0.17859435,0.14889324,0.22760034,0.24424207,0.18181628,0.19347027,0.11613709,0.4033575,0.15270655,0.19014783,0.25055328,0.2524817,0.14016569,0.2949983,0.19807792,0.21375059,0.122118615,0.299078,-0.027861744,0.02115108,0.22705474,0.29010355,0.11520949,0.1450713,0.28394777,0.050652906,0.1198234,0.24626473,0.3042937,0.27872038,0.17524076,0.21899709,0.13807487,0.28825623,0.39111066,0.1252209,0.20400712,0.051363647,0.1358957,0.16968766,0.19631037,0.22463071,0.20061463,0.22059149,0.22884312,0.3566407,0.3283355,0.548531,0.26272994,0.06509205,0.09918385,0.20844328,0.21977928,0.120992735,0.3138609,0.3247738,0.32488436,0.23505682,0.086734414,0.14899978,0.21187608,0.08507466,0.142871,0.08424965,0.121013656,0.24603394,0.20538396
20,0.3334851,0.086429924,0.1289432,0.13393211,0.1331779,0.15028632,0.06935513,0.20554137,0.2814752,0.1449044,0.15605688,0.23238012,0.105426095,0.1390571,0.29649064,0.21541107,0.2305744,0.2413614,0.28983378,0.27568612,0.99999994,0.4470116,0.27179354,0.10670169,0.11949831,0.15197985,0.24386416,0.3901288,0.1108519,0.3130371,0.08302212,0.12614244,0.06311137,0.0827227,0.2166106,0.11370381,0.10189441,0.14029372,0.13658595,0.28917328,0.093327194,0.121998176,0.21981525,0.11438493,0.03228841,0.09126155,0.14083,0.3199695,0.07827978,0.12738968,0.25687888,0.1931761,0.16800618,0.15564167,0.20818928,0.05819578,0.09920106,0.07309477,0.09014523,0.04875002,0.18142882,0.13376187,0.108743966,0.10152094,0.012310115,0.11806865,0.018465033,0.11275694,0.13723359,0.08731897,0.21629503,0.16493978,0.06432365,0.12035787,0.062608466,0.019475285,0.20582192,0.17639838,0.15668589,0.19479328,0.095630586,0.205325,0.05068793,0.17335513,0.16088496,0.29338175,0.28264135,0.18295157,0.21576399,0.23843777,0.17126901,0.0969223,0.111772805,0.22144356,0.121453926,0.16673632,0.20163727,0.27063298,0.2038779,0.22373214,0.080559954,0.2977265,0.2410945,0.11406276,0.29407215,0.14831707,0.35776892,0.27427122,0.24084753,0.1895554,0.18212,0.24822366,0.22166295,0.16351944,0.13415141,0.2600954,0.18649724,0.19874686,0.25183815,0.041992694,0.030316379,0.20361936,0.17649865,0.0125241,0.28381026,0.23869479,0.053242948,0.15845141,0.10567321,0.24396011,0.15934724,0.26122835,0.18128286,0.22796659,0.29293433,0.14287136,0.24114875,0.17597531,0.1293671,0.083772376,0.0836146,0.24750942,0.13273552,0.16599593,0.23423822,0.1266907,0.18448493,0.5360645,0.13716014,0.2046858,0.3373658,0.2557487,0.39333928,0.3977988,0.2166753,0.2636411,0.35593987,0.3221317,0.27604386,0.09552211,0.18839401,0.21996433,0.031900913,0.13532723,0.059617355,0.1498533,0.19209993,0.19154662
